46.1	50
52	54
59.8	57
67.4	60
72.5	63
74	65
76.9	68
81.3	70
88.9	72
96.3	74
103.8	75
109.6	76
114.6	77
120.1	78
125.4	78
130.4	78
131.8	77
129.7	77
122.4	76
116.5	75
110.8	73
106.8	72
102	70
98.4	68
94.1	65
89.6	63
89.3	60
90	57
91.7	54
80.8	51
67.8	48
59.3	45
54.4	42
58.1	39
55.1	36
53.6	32
53.3	29
54.8	26
54.7	24
53.3	21
51	18
51.2	16
53.5	13
55.1	11
56.3	10
56.9	8
57.7	6
56.1	5
56.2	4
56.5	3
58.2	2
58.3	1
57.5	1
55.3	0
49.8	0
24.8	-1
51.4	-1
40.6	-1
-39	-1
-48.6	-1
-9.7	-1
17.2	-1
14.4	-1
14.9	-1
26.3	0
36.2	1
38.3	2
31.7	3
25.8	4
24.3	6
31.2	8
40.7	10
46.1	13
44.5	15
39.4	18
35.7	21
36.6	24
43.8	27
49.4	30
52.4	33
50.6	36
49.2	39
51.4	42
56.4	45
65	48
71.2	50
75.1	53
74.7	55
75	57
77	59
83.9	60
92.1	61
99.9	62
104.5	63
108.7	63
112.8	64
116	64
119.4	63
118.6	63
115.2	62
106.6	61
98	59
89.7	58
83.6	56
78.1	54
74.9	52
73.9	50
73.2	47
64.5	45
46.4	42
35.2	39
30.1	36
32.7	34
29.1	31
25.3	28
23.3	26
22.8	23
23.6	20
21.9	18
20.8	16
18	14
18.5	12
20.3	10
22.7	8
24.9	7
25.3	5
25	4
24.8	3
26.5	2
28	2
30.3	1
31.7	0
32.2	0
30.5	0
28.3	-1
2.3	-1
36.4	-1
13.8	-1
-59.8	-1
-63.8	-1
-22.2	-1
4.1	-1
1.1	-1
4.2	0
16.4	0
25.6	1
26.9	2
21	3
15.8	5
14.1	7
20.9	9
27.5	12
31.6	14
28.6	17
22.2	20
18.3	23
20.1	26
28.4	30
36.3	33
41.2	36
40.7	40
42.9	43
46.5	46
54.5	49
64.1	52
72.6	54
76.1	57
76.2	59
77.9	62
81.3	63
88.1	65
93.8	66
99.8	67
103.3	68
105.5	68
107.3	69
107.8	68
108.4	68
105.2	68
98.3	67
87.1	65
76.5	64
65.8	62
58.7	60
51.9	58
46.5	56
40.4	54
32.1	51
25.5	48
19	46
15.5	43
12	40
7.2	37
2.2	34
-1.7	31
-4.6	28
-7.9	25
-8.6	22
-9.2	20
-9.4	17
-10.5	15
-10.7	13
-11.3	11
-10.1	9
-8.5	7
-6.4	6
-4.1	4
-1.8	3
0.1	2
0.9	1
3.6	0
5.6	0
10.1	-1
12.7	-1
15.2	-1
14.2	-2
4.2	-2
6.9	-2
20.2	-2
20	-2
32.9	-2
39.5	-2
43.2	-2
47.8	-2
52.3	-2
55.3	-1
56.4	-1
57.5	-1
59.4	-1
59.9	-1
62	-1
61.9	-1
61.5	0
58.4	0
57.2	0
56.9	0
55.3	0
53.7	0
52.7	1
51.2	1
47.8	1
45.7	1
40.8	1
32.3	1
5.1	1
56	1
-15.3	1
-65.1	1
-47.3	1
-4.3	1
6.7	2
4.7	2
12.8	2
25.2	3
34.1	4
34.2	5
28.4	7
25.1	9
29.6	11
40.3	14
47.3	17
49.1	20
45.3	23
38.9	27
37.3	30
42.4	34
50.3	38
55.4	42
56.8	46
56.6	50
57.9	54
62.1	58
69.3	61
76.5	65
81.6	68
82.4	71
82	74
84.3	77
89.3	79
97.2	81
103.7	83
109.6	84
111.8	85
116.1	86
123.2	86
130.7	86
136.4	86
137.7	86
135.3	85
128.6	84
123.4	82
119.1	81
117.2	79
115.6	77
112.7	74
108.4	72
105.1	69
103	66
101.7	63
101.4	60
100	56
98	53
92.4	50
88.6	46
86.2	43
87.4	39
90.8	36
90.7	33
76.1	29
61.9	26
56.8	23
59.1	20
62.6	18
58.6	15
58.2	13
58.8	11
58.3	9
57.1	7
54.3	6
52.4	4
50.8	3
51.4	2
50.9	1
50.8	0
48.7	0
47.7	0
47.1	-1
46.8	-1
49.2	-1
48.8	-1
48.5	-1
47	-2
43.9	-1
21.4	-1
35.9	-1
39	-1
-43.6	-1
-60.8	-1
-24.7	-1
6	-1
3.9	0
4.3	0
13.3	1
21.8	2
23.6	2
17.7	4
8.9	6
7.7	7
12	9
18.8	12
23.4	14
22.3	17
17.7	20
13.2	23
13.9	26
18	30
23.1	33
25.2	36
24.3	40
24	43
25.9	46
32.6	49
40.4	52
49.1	55
53.7	58
56.1	60
58	62
62.5	64
69	66
75.8	68
83.5	69
88	70
92.2	70
96.5	71
100.4	71
101.4	71
100.5	70
95.7	69
88.2	68
80.7	67
73.6	65
68.7	64
63.5	62
59.2	59
55	57
50.7	54
46.3	52
42.3	49
39	46
35.9	43
32.7	40
29.3	37
25.8	34
24.1	31
26.6	28
31.1	25
25.3	23
12.1	20
5.7	18
4.6	15
9.6	13
9.5	11
10	9
12.4	7
15.5	6
18.8	5
18.5	3
17.2	2
16.2	2
18	1
20.7	0
22.1	0
24.2	0
24.2	-1
23.3	-1
22.2	-1
24.3	-1
26.9	-1
28.8	-1
28.5	-1
26.5	-1
15.7	-1
18.5	-1
45.2	-1
-40.3	-1
-68.5	0
-38.7	0
-5.6	0
-7.9	0
-10	1
0.6	1
12.4	2
17.8	3
12.2	5
3.1	6
-1.7	8
3.6	11
12.6	13
19.6	16
19.3	19
13.9	22
9.2	25
8.6	28
14.4	32
21.3	35
26.5	38
26.2	42
24.1	45
25.1	49
31	52
41.4	55
50.5	58
57.4	60
59.2	63
60.1	65
62.6	67
68.3	68
76.4	70
84.5	71
90.1	72
92.9	72
96.1	73
97.8	73
101	72
101.1	72
98.1	71
89.9	70
80.6	68
71.4	67
65.7	65
61.7	63
57.4	60
54.2	58
48.2	56
42.8	53
37.3	50
33.7	47
31.2	44
28.7	41
25.1	38
21.3	35
16.4	32
12.1	29
10.8	26
9.9	23
10.6	20
9.2	18
7.4	15
6.7	13
7	11
8.9	9
9.4	7
11	6
10.8	4
11.6	3
11.1	2
12.7	1
13.9	1
14.8	0
16.3	-1
18.2	-1
12.3	-1
-0.5	-2
6.6	-2
15.5	-2
22.5	-2
31	-2
35.2	-2
40.2	-2
43.5	-2
46.1	-2
47.5	-1
49.8	-1
51.9	-1
55.1	-1
55.3	-1
56.2	-1
55.2	0
53.3	0
51.9	0
50.9	0
50.6	0
49.5	0
47.5	1
44.8	1
43	1
39.7	1
38.1	1
33.4	1
28.2	1
-3.5	1
37.9	1
0.8	1
-67.8	1
-65	1
-21.9	1
0.1	1
-2.3	2
2.1	2
14.5	3
24.3	4
26.5	5
21.6	6
17.4	8
19.8	10
29.3	13
38.9	16
43.3	18
40.1	22
34.6	25
33	29
34.6	32
41.7	36
47.4	40
49.2	44
46.3	48
45.3	52
47	55
53	59
59.1	62
62.6	66
62.6	69
60.4	72
60.9	74
63.7	76
69.6	78
72.9	80
77	82
78.5	83
81.2	84
85.8	84
91.7	84
98.9	84
102.8	84
100.6	83
94.3	82
87.8	81
82.9	79
82.9	78
82.1	76
80.3	73
77.2	71
73.9	68
71.9	65
70.1	62
70.4	59
69.5	56
68.3	53
63	50
57.8	46
55.2	43
54	39
52.2	36
49.1	33
46.1	30
41.2	27
40.7	24
42	21
34.2	18
21.3	16
26.5	13
23.7	11
28.1	9
32.5	7
34.2	6
37.9	4
39.6	3
39.5	2
38.3	1
36.7	1
38.3	0
41.3	0
44.1	-1
45.4	-1
45.8	-1
43.3	-1
42.6	-1
43.4	-1
46.7	-1
48.7	-1
49.1	-1
47.3	-1
43	-1
38.5	-1
8	-1
53.7	0
11.8	0
-56.5	0
-54.9	0
-12.5	0
7.4	0
4.9	0
9.3	1
20.7	2
29.1	2
27.1	4
20.4	5
15.3	6
18.1	8
26	11
35	13
37.7	16
34.3	18
31.1	21
29.3	24
33.1	28
38.7	31
43.5	34
42.4	38
39.3	41
37.4	44
40.2	48
46.7	51
53	54
55.9	56
54.6	59
52.7	62
52.5	64
56	66
61	68
65.3	69
66.7	70
67	71
68.3	72
71	72
75.6	72
77.4	72
76.7	72
69.8	71
60.6	70
52.9	68
46.2	67
41.6	65
38.6	63
34	61
26.9	58
22.3	56
17.4	53
15	50
12.1	47
9.3	44
4.8	41
-0.5	38
-3.2	35
-3	32
1.3	29
0.8	26
-11.3	24
-21.4	21
-25.1	18
-23	16
-18.2	14
-17.1	12
-14.6	10
-9.7	8
-7.3	6
-5.1	5
-4.6	4
-2.2	3
1.3	2
5.6	1
9.4	1
11.3	0
12.3	0
13.4	-1
15.2	-1
17.9	-1
21.7	-1
23.6	-1
27.8	-1
31.7	-1
34.5	-1
19.2	-1
72.7	-1
-0.6	-1
-60.5	0
-46.4	0
-4.7	0
7.4	0
4.1	1
11.6	2
24.6	3
33.4	4
31.1	5
21.7	7
16.8	9
19	11
29.2	14
37.6	16
39	19
34.9	22
29.2	25
27.3	28
32.2	32
40.1	35
43.9	38
44	42
40.3	45
38.4	48
41.9	51
49.5	54
55.8	56
60.9	59
62.1	61
61.7	63
64.2	65
69.9	66
78.1	68
83.5	69
88.4	69
91.5	70
94.4	70
97.9	70
101.8	69
104.1	69
100.2	68
93.7	67
84.5	65
76.3	64
69	62
64.5	60
59	57
53	55
47	52
41.3	49
36.8	47
32.1	44
28	41
21.4	38
14.9	35
7.5	32
1.4	29
-4.1	26
-8.3	23
-11.7	21
-15.3	18
-17.8	16
-21.4	14
-21.3	12
-21.5	10
-20.3	8
-19.8	6
-19.4	5
-17.4	4
-15.5	3
-12.8	2
-10.3	1
-7.8	0
-6.9	0
-11	-1
-21.9	-1
-14.1	-1
-4.3	-2
3.1	-2
12.5	-2
16.6	-2
23	-2
27.8	-2
33.2	-2
36.2	-2
38	-1
41	-1
45.3	-1
48.9	-1
51.2	-1
52.3	-1
51	0
50.8	0
49.4	0
51.9	0
52.6	0
52.3	1
49.9	1
47.9	1
44.8	1
41.6	1
39.8	1
36.4	1
13.5	1
27	1
28	1
-53.3	1
-66.4	1
-27.1	1
4.6	2
4.1	2
5.9	2
16.2	3
25.5	3
30.1	4
27	6
23.5	8
24.3	10
31	12
40.3	15
45.7	18
45.2	21
39.9	24
36.3	27
36.4	31
41.6	35
46	38
49.1	42
48.3	46
48.1	50
48.6	54
51.9	57
57.3	61
59.5	64
61.2	67
59.3	70
59.9	72
61	75
64.9	77
68.5	79
71.6	80
74.6	82
76.8	82
81.8	83
86.9	83
92.7	83
94.5	83
92.8	82
88.6	82
83.4	80
79.1	79
76.1	77
74.2	75
70.9	73
68.4	71
65.6	68
64	65
62.2	62
61.9	60
60.8	56
58.6	53
55.4	50
52.4	46
50.5	43
46.8	40
43.3	36
38.7	33
37.1	30
37.6	27
40.1	24
43.2	21
29.8	18
11.9	16
16.3	14
18.1	12
17	10
25.6	8
28.4	6
32.7	5
35.5	4
34.6	2
32.5	2
31.8	1
34.2	0
37.3	0
41.1	-1
42	-1
42.3	-1
41	-1
41.4	-1
43.4	-1
46.5	-1
48.1	-1
46.6	-1
44	-1
31	-1
19.6	0
56.7	0
-24.1	0
-57.3	0
-30.6	0
7.3	0
9.7	0
8.8	1
17.2	1
29.4	2
31.3	3
25.4	4
16.8	6
13.5	7
17.3	9
25.7	12
31.9	14
30	17
24.4	20
17.9	23
19	26
24.4	29
30.1	32
30.8	36
28.4	39
25.9	42
25.1	46
29.7	49
37.3	52
43.2	55
45.2	57
44.3	60
43.4	62
45.3	64
49.8	66
55.9	68
62.2	69
64.6	70
67.2	71
71.4	71
77.6	72
80.6	72
81.4	71
78	70
71.2	70
62	68
53.6	67
49.8	65
46	64
42.7	62
37.4	59
31.6	57
26.3	54
22.4	51
18.5	49
14.3	46
11.9	43
8.8	40
9.4	37
2.5	34
-12.2	31
-22	28
-25.2	25
-22	22
-24.9	20
-26.6	17
-24.2	15
-19.8	13
-17.5	11
-17	9
-19.3	7
-18.4	6
-15.1	4
-9.3	3
-4.1	2
-1.3	2
-0.5	1
-0.7	0
0	0
4.5	0
10.7	0
13.4	-1
15.8	-1
15.4	-1
12	-1
-15.8	-1
35.2	-1
-15.7	-1
-72.7	-1